45-0004   ITER full discharge simulation 2/2002
00        0.0       1.0       0.0       600000.   1000.     1000.     0.0
c..stop time
11        29.       1.0       3.200
c
c...run from 0-75s, turn on H-mode, acoef(3006,3011) line 13,14 & type 04 card line 16
c...runt from 75-125s, turn on Ar, line 22
c...run from 125-550s
c
c
c        hydrogen fraction
11        4955.     1.0       0.000
c        use swim?
11        4959.     1.0       0.0
c        use transp?
11        4960.     1.0       0.0
c        plasma state?
11        4961.     1.0       0.0
c        source for beam, fp, ich ..., 
11        4962.     1.0       0.0
11        4963.     1.0       0.0
c        deuterium fraction
11         113.     1.0       0.500
c        icrf power to electron
11        4971.     1.0       0.500
11        4974.     1.0       1.000
c        internal icrf model
11        4976.     1.0       0.0
c        internal nb model
11        4975.     1.0       1.0
c        density model
11        4977.     1.0       1.0
c        set to 1 to stop run if reading PS failed
11        4980.     1.0       0.0
c...H-mode pedestal
c1        3003.     1.0       1.00
c1        3006.     1.0       0.150
c1        3011.     1.0       0.84
c         ISURF     NPSI      NSKIPSF   TFMULT    ALPHAR    BETAR     ITRMOD
c4        1.        400.      20.       10.       0.25      8.00      6.
c4        1.        400.      20.       10.       0.25      8.00      2.
c1        114.      1.        0.000
11        114.      1.        325.0
11        115.      1.        0.1
c...impurity fraction for Argon
c1        860.      1.0       0.0012
11        860.      1.0       1.0e-9
c...start time history plot new at restart time
c1        5.0       1.0       0.0
c9
c
01        56.        81.      10.75     6.00      0.0       2.50
02        .001      100000.   0.35      0.0       1.0       0.0       1.0
03        3.75      5.00      8.75      1000.     20.       1.0       0.0
04        1.0       400.      020.      10.       0.25      8.0       2.0
06        1.0       0.998     3.75      7.00      0.0       5.0       3.
07        1.        0.        0.        0.0       2.5       1.0       0.
c
12        -0.1       10.        1.0     1.5       1.0       0.0       -1.0
13        1.5       1.5       -900.0     6.20      0.52      32.86     2.505
14        04.       7.50       .50      +0.00      .50
c4        16.       6.20       .50      +0.60      .50
c4        11.
c
c..Divertor Plates
32        1.0       4.246     -2.565    4.337     -2.534    0.50      0.50
32        2.0       4.337     -2.534    4.360     -2.441    0.50      0.50
32        3.0       4.360     -2.441    4.065     -1.314    0.50      0.50
32        4.0       4.065     -1.314    4.049     -1.187    0.50      0.50
32        5.0       4.049     -1.187    4.049      3.368    0.50      0.50
32        6.0       4.049      3.368    4.106      3.600    0.50      0.50
32        7.0       4.106      3.600    4.491      4.335    0.50      0.50
32        8.0       4.491      4.335    4.673      4.530    0.50      0.50
32        9.0       4.673      4.530    4.929      4.603    0.50      0.50
32        10.       4.929      4.603    5.459      4.608    0.50      0.50
32        11.       5.459      4.608    5.765      4.507    0.50      0.50
32        12.       5.765      4.507    6.689      3.808    0.50      0.50
32        13.       6.689      3.808    7.143      3.413    0.50      0.50
32        14.       7.143      3.413    7.540      2.961    0.50      0.50
32        15.       7.540      2.961    7.872      2.459    0.50      0.50
32        16.       7.872      2.459    8.134      1.917    0.50      0.50
32        17.       8.134      1.917    8.321      1.345    0.50      0.50
32        18.       8.321      1.345    8.410      0.816    0.50      0.50
32        19.       8.410      0.816    8.410      0.280    0.50      0.50
32        20.       8.410      0.280    8.324     -0.249    0.50      0.50
32        21.       8.324     -0.249    8.153     -0.757    0.50      0.50
32        22.       8.153     -0.757    7.787     -1.604    0.50      0.50
32        23.       7.787     -1.604    7.683     -1.757    0.50      0.50
32        24.       7.683     -1.757    6.406     -3.047    0.50      0.50
32        25.       6.406     -3.047    6.379     -3.140    0.50      0.50
32        26.       6.379     -3.140    6.445     -3.212    0.50      0.50
32        27.       6.445     -3.212    6.549     -3.285    0.50      0.50
32        28.       6.549     -3.285    6.462     -3.255    0.50      0.50
32        29.       6.462     -3.255    6.208     -3.220    0.50      0.50
32        30.       6.208     -3.200    5.958     -3.282    0.50      0.50
32        31.       5.958     -3.282    5.750     -3.432    0.50      0.50
32        32.       5.750     -3.432    5.611     -3.648    0.50      0.50
32        33.       5.611     -3.648    5.564     -3.901    0.50      0.50
32        34.       5.564     -3.901    5.565     -4.254    0.50      0.50
32        35.       5.565     -4.254    5.565     -4.609    0.50      0.50
32        36.       5.565     -4.609    5.073     -4.474    0.50      0.50
32        37.       5.073     -4.474    5.042     -4.402    0.50      0.50
32        38.       5.042     -4.402    5.158     -4.187    0.50      0.50
32        39.       5.158     -4.187    5.267     -3.985    0.50      0.50
32        40.       5.267     -3.985    5.146     -3.766    0.50      0.50
32        41.       5.146     -3.766    4.968     -3.654    0.50      0.50
32        42.       4.968     -3.654    4.761     -3.617    0.50      0.50
32        43.       4.761     -3.617    4.556     -3.660    0.50      0.50
32        44.       4.556     -3.660    4.524     -3.697    0.50      0.50
32        45.       4.524     -3.697    4.477     -3.886    0.50      0.50
32        46.       4.477     -3.886    4.424     -4.097    0.50      0.50
32        47.       4.424     -4.097    4.342     -4.122    0.50      0.50
32        48.       4.342     -4.122    4.071     -3.878    0.50      0.50
32        49.       4.071     -3.878    4.240     -3.612    0.50      0.50
32        50.       4.240     -3.612    4.409     -3.347    0.50      0.50
32        51.       4.409     -3.347    4.487     -3.111    0.50      0.50
32        52.       4.487     -3.111    4.445     -2.866    0.50      0.50
32        53.       4.445     -2.866    4.291     -2.670    0.50      0.50
32        54.       4.291     -2.670    4.064     -2.570    0.50      0.50
32        55.       4.064     -2.570    3.965     -2.553    0.50      0.50
c
c..Limiter Points
05        1.0       4.246     -2.565    4.337     -2.534    4.360     -2.441
05        4.0       4.065     -1.314    4.049     -1.187    4.049      3.368
05        7.0       4.106      3.600    4.491      4.335    4.673      4.530
05        10.       4.929      4.603    5.459     4.6080    5.765     4.5070
05        13.       6.689     3.8080    7.143     3.4130    7.540     2.9610
05        16.       7.872     2.459     8.134     1.917     8.321     1.345
05        19.       8.410     0.816     8.410     0.280     8.324     -0.249
05        22.       8.153     -0.757    7.787     -1.604    7.683     -1.757
05        25.       6.406     -3.047    6.379     -3.140    6.445     -3.212
c
c..acoef(1) special switch for ITER poloidal field calculation
c1        1.0       1.0       5.0
c..initial voltage on grid for startup
11        850.      1.0       1.5
c..acoef(7) flux diffusion mix
11        7.0       1.0       0.50
c..initial ratio of electron to total pressure
11        2.0       1.0       0.55
c...artificial viscosity
11        9.0       1.0       20.
c..turn off automatic oh system
11        11.       1.0       0.00
c...drag terms
11        90.       3.0       0.2       0.2       0.2
c..max scale on surfvolt plot
11        14.       1.0       20.
c..max scale on tau-e plot
11        46.       1.0       15.
c..relaxation on equilibrium and equilibrium feedback
11        50.       2.0       0.10      0.10
c...reflectivity fraction for cyclotron
11        55.       1.0       0.90
c...impurity fraction for Beryllium
11        857.      1.0       0.02
c...impurity fraction for Argon
c1        860.      1.0       0.0012
c...edge temp. (eV), edge density fraction, ratio of pe to ptotal
11        880.      3.0       0.00      0.60      1.50
c...confinement time for He seconds
11        93.       1.0       25.0
c...stored energy control parameters
c1        113.      3.0       0.49      382.0     0.50
c...fraction of eta in sawtooth, transport factors
11        120.      3.0       0.50      0.08      0.42
c...enhancement of chi inside sawtooth radius
11        124.      1.0       1.00
c...ratio of chi-ion to chi-electron
11        126.      1.0       1.0
c...divertor and separatrix plot
11        700.      5.0       1.0       3.5       7.0       -6.0      -3.5
11        705.      2.0       4.0       1.0
c...plot suppression
40        9.        14.
c...plasma edge temperature using halo, must have acoef(120)=0.0
60                  5.000     5.000     5.000     5.000     5.000     5.000
60                  10.00     10.00     20.00     20.00     100.0     200.0
60                  200.0     200.0     200.0     200.0     200.0     200.0
60                  200.0     200.0     100.0     50.00     50.00     50.00
61                  0.001     0.001     0.001     0.001     0.001     0.001
61                  0.001     0.001     0.001     0.001     0.001     0.001
61                  0.001     0.001     0.001     0.001     0.001     0.001
61                  0.001     0.001     0.001     0.001     0.001     0.001
c...turn on bootstrap current term and heating
25          0.0       0.8       2.5       1000.     2.0       0.170   3.0
c5          0.6       0.8       2.0       1000.     2.0       0.5     3.0
c5          0.0       0.5       1.0       80.       2.0       0.0     2.0
c...auxiliary heating
50                  0.23      0.23      0.23      0.23      0.23      0.23
50                  0.23      0.23      0.23      0.23      0.23      0.23
50                  0.23      0.23      0.23      0.23      0.23      0.23
50                  0.23      0.23      0.23      0.23      0.23      0.23
23                  0.0       0.0       0.0       0.0       0.0       0.0
23                  0.00      0.00      0.00      16.5      33.0      33.0
23                  33.0      33.0      33.0      33.0      33.0      16.5
23                  16.5      0.00      00.0      00.0      0.00      0.00
c3                  0.0       0.0       0.0       0.0       0.0       0.0
c3                  0.00      0.00      0.00      16.5      33.0      53.0
c3                  53.0      53.0      53.0      33.0      33.0      16.5
c3                  16.5      0.00      00.0      00.0      0.00      0.00
c...FW power and current drive
c
59                  0.0       0.0       0.0       0.0       0.0       0.0
59                  0.0       0.0       0.0       0.0       00.0      20.0
59                  20.0      20.0      20.0      0.00      0.00      0.00
59                  0.00      0.0       0.0       0.0       0.0       0.0
64                  0.0       0.0       0.0       0.0       0.0       0.0
64                  0.0       0.0       0.0       0.0       0.0       0.0
64                  0.0       0.0       0.0       0.0       0.0       0.0
64                  0.0       0.0       0.0       0.0       0.0       0.0
65                  0.0       0.0       0.0       0.0       0.0       0.0
65                  0.0       0.0       0.0       0.0       0.0       0.0
65                  0.0       0.0       0.0       0.0       0.0       0.0
65                  0.0       0.0       0.0       0.0       0.0       0.0
66                  0.08      0.08      0.08      0.08      0.08      0.08
66                  0.08      0.08      0.08      0.08      0.08      0.08
66                  0.08      0.08      0.08      0.08      0.08      0.08
66                  0.08      0.08      0.08      0.08      0.08      0.08
c6                  0.20      0.20      0.20      0.20      0.20      0.20
c6                  0.20      0.20      0.20      0.20      0.20      0.20
c6                  0.20      0.20      0.20      0.20      0.20      0.20
c6                  0.20      0.20      0.20      0.20      0.20      0.20
67                  0.0       0.0       0.0       0.0       0.0       0.0
67                  0.0       0.0       0.0       0.0       0.0       0.0
67                  0.0       0.0       0.0       0.0       0.0       0.0
67                  0.0       0.0       0.0       0.0       0.0       0.0
68                  1.0       1.0       1.0       1.0       1.0       1.0
68                  1.0       1.0       1.0       1.0       1.0       1.0
68                  1.0       1.0       1.0       1.0       1.0       1.0
68                  1.0       1.0       1.0       1.0       1.0       1.0
69                  0.0       0.0       0.0       0.0       0.0       0.0
69                  0.0       0.0       0.0       0.0       0.0       0.0
69                  0.0       0.0       0.0       0.0       0.0       0.0
69                  0.0       0.0       0.0       0.0       0.0       0.0
70                  0.25      0.25      0.25      0.25      0.25      0.25
70                  0.25      0.25      0.25      0.25      0.25      0.25
70                  0.25      0.25      0.25      0.25      0.25      0.25
70                  0.25      0.25      0.25      0.25      0.25      0.25
71                  0.0       0.0       0.0       0.0       0.0       0.0
71                  0.0       0.0       0.0       0.0       0.0       0.0
71                  0.0       0.0       0.0       0.0       0.0       0.0
71                  0.0       0.0       0.0       0.0       0.0       0.0
72                  1.0       1.0       1.0       1.0       1.0       1.0
72                  1.0       1.0       1.0       1.0       1.0       1.0
72                  1.0       1.0       1.0       1.0       1.0       1.0
72                  1.0       1.0       1.0       1.0       1.0       1.0
c...anomalous transport multiplier
26anom tra           2.50      2.50      2.50      2.50      2.50      2.50
26anom tra           2.50      2.50      2.50      2.50      2.50      0.60
26anom tra           0.60      0.60      0.60      1.00      2.50      2.50
26anom tra           2.50      2.50      2.50      2.50      2.50      2.50
c...helium particle confinement time card
73                  18.5      18.5      18.5      18.5      18.5      18.5
73                  18.5      18.5      18.5      18.5      18.5      18.5
73                  18.5      18.5      18.5      18.5      18.5      18.5
73                  18.5      18.5      18.5      18.5      18.5      18.5
c..define feedback group 14 for radial feedback
19        1.0       14.       1.0       -2.5e6                        -0.0e7
19        1000.     1.0       2.0       3.0       4.0       5.0       6.0
19        1000.     7.0       8.0       9.0       10.       11.       12.
19        1000.     13.       14.       15.       16.       17.       18.
19        1000.     19.       20.       21.       22.       23.       24.
20        1.0       0.0       5000.                         1.0
c
c..define feedback group 15 for vertical feedback
19        2.0       15.       2.0        0.8e7
19        1000.     25.       26.       27.       28.       29.       30.
19        1000.     31.       32.       33.       34.       35.       36.
19        1000.     37.       38.       39.       40.       41.       42.
19        1000.     43.       44.       45.       46.       47.       48.
20        2.0       0.0       5000.                1.2e7     1.0
c9        2.0       15.       1.0       -5.0e6
c0        2.0       0.0       5000.               -5.0e6     6.0
c1                  0.20      0.20      0.20      0.20      0.20      0.20
c1                  0.20      0.20      0.20      0.20      0.20      0.20
c1                  0.20      0.20      0.20      0.20      0.20      0.20
c1                  0.20      0.20      0.20      0.20      0.20      0.20
c
c..define feedback group 11 for ohmic feedback
19        3.0       16.        0.0       2.00      0.0       0.0      10.00
20        3.0       0.0       5000.                          4.0
c...feedback system #4 for shape control
19        4.0       20.0      1.0       1.0       0.0000    00.0
20        4.0       50.000    580.0     0.0       0.00      25.
c...shape constraint points
11        510.      4.0       0.050     0.02      10.00     0.1
c1        510.      4.0       0.010     1.00      0.500     0.1
c
62        1.0       8.200     8.200     8.200     8.200     8.200     8.200
62        1.0       8.200     8.200     8.200     8.200     8.200     8.200
62        1.0       8.200     8.200     8.200     8.200     8.200     8.200
62        1.0       8.200     8.200     8.200     8.200     8.200     8.200
62        2.0       4.750     4.750     4.750     4.750     4.750     4.750
62        2.0       4.750     4.750     4.750     4.750     4.750     4.750
62        2.0       4.750     4.750     4.750     4.750     4.750     4.750
62        2.0       4.750     4.750     4.750     4.750     4.750     4.750
c2        2.0       5.350     5.350     5.350     5.350     5.350     5.350
c2        2.0       5.350     5.350     5.350     5.350     5.350     5.350
c2        2.0       5.350     5.350     5.350     5.350     5.350     5.350
c2        2.0       5.350     5.350     5.350     5.350     5.350     5.350
62        3.0       4.200     4.200     4.200     4.200     4.200     4.200
62        3.0       4.200     4.200     4.200     4.200     4.200     4.200
62        3.0       4.200     4.200     4.200     4.200     4.200     4.200
62        3.0       4.200     4.200     4.200     4.200     4.200     4.200
62        4.0       5.600     5.600     5.600     5.600     5.600     5.600
62        4.0       5.600     5.600     5.600     5.600     5.600     5.600
62        4.0       5.600     5.600     5.600     5.600     5.600     5.600
62        4.0       5.600     5.600     5.600     5.600     5.600     5.600
62        5.0       4.200     4.200     4.200     4.200     4.200     4.200
62        5.0       4.200     4.200     4.200     4.200     4.200     4.200
62        5.0       4.200     4.200     4.200     4.200     4.200     4.200
62        5.0       4.200     4.200     4.200     4.200     4.200     4.200
63        1.0       0.550     0.550     0.550     0.550     0.550     0.550
63        1.0       0.550     0.550     0.550     0.550     0.550     0.550
63        1.0       0.550     0.550     0.550     0.550     0.550     0.550
63        1.0       0.550     0.550     0.550     0.550     0.550     0.550
63        2.0       3.750     3.750     3.750     3.750     3.750     3.750
63        2.0       3.750     3.750     3.750     3.750     3.750     3.750
63        2.0       3.750     3.750     3.750     3.750     3.750     3.750
63        2.0       3.750     3.750     3.750     3.750     3.750     3.750
c3        2.0       3.980     3.980     3.980     3.980     3.980     3.980
c3        2.0       3.980     3.980     3.980     3.980     3.980     3.980
c3        2.0       3.980     3.980     3.980     3.980     3.980     3.980
c3        2.0       3.980     3.980     3.980     3.980     3.980     3.980
63        3.0       0.800     0.800     0.800     0.800     0.800     0.800
63        3.0       0.800     0.800     0.800     0.800     0.800     0.800
63        3.0       0.800     0.800     0.800     0.800     0.800     0.800
63        3.0       0.800     0.800     0.800     0.800     0.800     0.800
63        4.0       -4.500    -4.500    -4.500    -4.500    -4.500    -4.500
63        4.0       -4.500    -4.500    -4.500    -4.500    -4.500    -4.500
63        4.0       -4.500    -4.500    -4.500    -4.500    -4.500    -4.500
63        4.0       -4.500    -4.500    -4.500    -4.500    -4.500    -4.500
63        5.0       -3.800    -3.800    -3.800    -3.800    -3.800    -3.800
63        5.0       -3.800    -3.800    -3.800    -3.800    -3.800    -3.800
63        5.0       -3.800    -3.800    -3.800    -3.800    -3.800    -3.800
63        5.0       -3.800    -3.800    -3.800    -3.800    -3.800    -3.800
c...PF coils outside grid -- voltage level feedback definition
11        294.       3.0       150.      11.       1.0
11        150.       5.0       1.0       2.0       3.0       4.0       5.0
11        155.       5.0       6.0       7.0       8.0       9.0        10.
11        160.       1.0       11.
11        161.       5.0       .250      .250      .250      .250      .250
11        166.       5.0       .250      .250      .250      .250      .250
11        171.       1.0       .250
11        172.       5.0       0.0       0.0       0.0       0.0       0.0
11        177.       5.0       0.0       0.0       0.0       0.0       0.0
11        182.       1.0       0.0
11        183.       5.0       0.0       0.0       0.0       0.0       0.0
11        188.       5.0       0.0       0.0       0.0       0.0       0.0
11        193.       1.0       0.0
11        194.       5.0       0.0       0.0       0.0       0.0       0.0
11        199.       5.0       0.0       0.0       0.0       0.0       0.0
11        204.       1.0       0.0
11        205.       5.0       2000.     2000.     2000.     2000.     2000.
11        210.       5.0       2000.     2000.     2000.     2000.     2000.
11        215.       1.0       2000.
11        216.       5.0       -.0200    -.0200    -.0200    -.0200    -.0200
11        221.       5.0       -.0200    -.0200    -.0200    -.0200    -.0200
11        226.       1.0       -.020
11        227.       5.0       0.0200    0.0200    0.0200    0.0200    0.0200
11        232.       5.0       0.0200    0.0200    0.0200    0.0200    0.0200
11        237.       1.0       0.020
c
c
c...PF Coil Specification
09        1.0        3.954     7.557    1.00      252.0     1.0e-12   0.00
09 ohmic  1016.      .0473     .0473     .0473     .0473     .0473     .0473
09 ohmic  1016.      .0473     .0473     .0473     .0473     .0473     .0473
09 ohmic  1016.      .0473     .0473     .0473     .0473     .0473     .0473
09 ohmic  1016.      .0473     .0473     .0473     .0473     .0473     .0473
09 shape  2020.      1.000     1.000     1.000     1.000     1.000     1.000
09 shape  2020.      1.000     1.000     1.000     1.000     1.000     1.000
09 shape  2020.      1.000     1.000     1.000     1.000     1.000     1.000
09 shape  2020.      1.000     1.000     1.000     1.000     1.000     1.000
09        2.0        8.309     6.530    2.00      107.0     1.0e-12   0.00
09 ohmic  1016.      .0054     .0054     .0054     .0054     .0054     .0054
09 ohmic  1016.      .0054     .0054     .0054     .0054     .0054     .0054
09 ohmic  1016.      .0054     .0054     .0054     .0054     .0054     .0054
09 ohmic  1016.      .0054     .0054     .0054     .0054     .0054     .0054
09 ohmic  2015.      1.000     1.000     1.000     1.000     1.000     1.000
09 ohmic  2015.      1.000     1.000     1.000     1.000     1.000     1.000
09 ohmic  2015.      1.000     1.000     1.000     1.000     1.000     1.000
09 ohmic  2015.      1.000     1.000     1.000     1.000     1.000     1.000
09 shape  3020.      1.000     1.000     1.000     1.000     1.000     1.000
09 shape  3020.      1.000     1.000     1.000     1.000     1.000     1.000
09 shape  3020.      1.000     1.000     1.000     1.000     1.000     1.000
09 shape  3020.      1.000     1.000     1.000     1.000     1.000     1.000
09        3.0        11.935    3.244    3.00      188.0     1.0e-12   0.00
09 ohmic  1016.      .0026     .0026     .0026     .0026     .0026     .0026
09 ohmic  1016.      .0026     .0026     .0026     .0026     .0026     .0026
09 ohmic  1016.      .0026     .0026     .0026     .0026     .0026     .0026
09 ohmic  1016.      .0026     .0026     .0026     .0026     .0026     .0026
09 ohmic  2014.      1.000     1.000     1.000     1.000     1.000     1.000
09 ohmic  2014.      1.000     1.000     1.000     1.000     1.000     1.000
09 ohmic  2014.      1.000     1.000     1.000     1.000     1.000     1.000
09 ohmic  2014.      1.000     1.000     1.000     1.000     1.000     1.000
09 shape  3020.      1.000     1.000     1.000     1.000     1.000     1.000
09 shape  3020.      1.000     1.000     1.000     1.000     1.000     1.000
09 shape  3020.      1.000     1.000     1.000     1.000     1.000     1.000
09 shape  3020.      1.000     1.000     1.000     1.000     1.000     1.000
09        4.0        11.905    -2.263   4.00      172.0     1.0e-12   0.00
09 ohmic  1016.      .0029     .0029     .0029     .0029     .0029     .0029
09 ohmic  1016.      .0029     .0029     .0029     .0029     .0029     .0029
09 ohmic  1016.      .0029     .0029     .0029     .0029     .0029     .0029
09 ohmic  1016.      .0029     .0029     .0029     .0029     .0029     .0029
09 ohmic  2014.      1.100     1.100     1.100     1.100     1.100     1.100
09 ohmic  2014.      1.100     1.100     1.100     1.100     1.100     1.100
09 ohmic  2014.      1.100     1.100     1.100     1.100     1.100     1.100
09 ohmic  2014.      1.100     1.100     1.100     1.100     1.100     1.100
09 shape  3020.      1.000     1.000     1.000     1.000     1.000     1.000
09 shape  3020.      1.000     1.000     1.000     1.000     1.000     1.000
09 shape  3020.      1.000     1.000     1.000     1.000     1.000     1.000
09 shape  3020.      1.000     1.000     1.000     1.000     1.000     1.000
09        5.0        8.395    -6.730    5.00      220.0     1.0e-12   0.00
09 ohmic  1016.      .0053     .0053     .0053     .0053     .0053     .0053
09 ohmic  1016.      .0053     .0053     .0053     .0053     .0053     .0053
09 ohmic  1016.      .0053     .0053     .0053     .0053     .0053     .0053
09 ohmic  1016.      .0053     .0053     .0053     .0053     .0053     .0053
09 ohmic  2015.      -0.50     -0.50     -0.50     -0.50     -0.50     -0.50
09 ohmic  2015.      -0.50     -0.50     -0.50     -0.50     -0.50     -0.50
09 ohmic  2015.      -0.50     -0.50     -0.50     -0.50     -0.50     -0.50
09 ohmic  2015.      -0.50     -0.50     -0.50     -0.50     -0.50     -0.50
09 shape  3020.      1.000     1.000     1.000     1.000     1.000     1.000
09 shape  3020.      1.000     1.000     1.000     1.000     1.000     1.000
09 shape  3020.      1.000     1.000     1.000     1.000     1.000     1.000
09 shape  3020.      1.000     1.000     1.000     1.000     1.000     1.000
09        6.0        4.287    -7.557    6.00      428.0     1.0e-12   0.00
09 ohmic  1016.      .0401     .0401     .0401     .0401     .0401     .0401
09 ohmic  1016.      .0401     .0401     .0401     .0401     .0401     .0401
09 ohmic  1016.      .0401     .0401     .0401     .0401     .0401     .0401
09 ohmic  1016.      .0401     .0401     .0401     .0401     .0401     .0401
09 shape  2020.      1.000     1.000     1.000     1.000     1.000     1.000
09 shape  2020.      1.000     1.000     1.000     1.000     1.000     1.000
09 shape  2020.      1.000     1.000     1.000     1.000     1.000     1.000
09 shape  2020.      1.000     1.000     1.000     1.000     1.000     1.000
09        7.0        1.688     -4.500   7.00      267.5     1.0e-12   0.00
09 ohmic  1016.      .1058     .1058     .1058     .1058     .1058     .1058
09 ohmic  1016.      .1058     .1058     .1058     .1058     .1058     .1058
09 ohmic  1016.      .1058     .1058     .1058     .1058     .1058     .1058
09 ohmic  1016.      .1058     .1058     .1058     .1058     .1058     .1058
09 shape  2020.      0.500     0.500     0.500     0.500     0.500     0.500
09 shape  2020.      0.500     0.500     0.500     0.500     0.500     0.500
09 shape  2020.      0.500     0.500     0.500     0.500     0.500     0.500
09 shape  2020.      0.500     0.500     0.500     0.500     0.500     0.500
09        8.0        1.688    -5.500    7.00      267.5     1.0e-12   0.00
09 ohmic  1016.      .1058     .1058     .1058     .1058     .1058     .1058
09 ohmic  1016.      .1058     .1058     .1058     .1058     .1058     .1058
09 ohmic  1016.      .1058     .1058     .1058     .1058     .1058     .1058
09 ohmic  1016.      .1058     .1058     .1058     .1058     .1058     .1058
09 shape  2020.      0.500     0.500     0.500     0.500     0.500     0.500
09 shape  2020.      0.500     0.500     0.500     0.500     0.500     0.500
09 shape  2020.      0.500     0.500     0.500     0.500     0.500     0.500
09 shape  2020.      0.500     0.500     0.500     0.500     0.500     0.500
09        9.0        1.688     -2.500   8.00      267.5     1.0e-12   0.00
09 ohmic  1016.      .0520     .0520     .0520     .0520     .0520     .0520
09 ohmic  1016.      .0520     .0520     .0520     .0520     .0520     .0520
09 ohmic  1016.      .0520     .0520     .0520     .0520     .0520     .0520
09 ohmic  1016.      .0520     .0520     .0520     .0520     .0520     .0520
09 shape  2020.      0.500     0.500     0.500     0.500     0.500     0.500
09 shape  2020.      0.500     0.500     0.500     0.500     0.500     0.500
09 shape  2020.      0.500     0.500     0.500     0.500     0.500     0.500
09 shape  2020.      0.500     0.500     0.500     0.500     0.500     0.500
09        10.        1.688     -3.500   8.00      267.5     1.0e-12   0.00
09 ohmic  1016.      .0520     .0520     .0520     .0520     .0520     .0520
09 ohmic  1016.      .0520     .0520     .0520     .0520     .0520     .0520
09 ohmic  1016.      .0520     .0520     .0520     .0520     .0520     .0520
09 ohmic  1016.      .0520     .0520     .0520     .0520     .0520     .0520
09 shape  2020.      0.500     0.500     0.500     0.500     0.500     0.500
09 shape  2020.      0.500     0.500     0.500     0.500     0.500     0.500
09 shape  2020.      0.500     0.500     0.500     0.500     0.500     0.500
09 shape  2020.      0.500     0.500     0.500     0.500     0.500     0.500
09        11.        1.688     -0.500   9.00      267.5     1.0e-12   0.00
09 ohmic  1016.      .0683     .0683     .0683     .0683     .0683     .0683
09 ohmic  1016.      .0683     .0683     .0683     .0683     .0683     .0683
09 ohmic  1016.      .0683     .0683     .0683     .0683     .0683     .0683
09 ohmic  1016.      .0683     .0683     .0683     .0683     .0683     .0683
09 shape  2020.      0.500     0.500     0.500     0.500     0.500     0.500
09 shape  2020.      0.500     0.500     0.500     0.500     0.500     0.500
09 shape  2020.      0.500     0.500     0.500     0.500     0.500     0.500
09 shape  2020.      0.500     0.500     0.500     0.500     0.500     0.500
09        12.        1.688     -1.500   9.00      267.5     1.0e-12   0.00
09 ohmic  1016.      .0683     .0683     .0683     .0683     .0683     .0683
09 ohmic  1016.      .0683     .0683     .0683     .0683     .0683     .0683
09 ohmic  1016.      .0683     .0683     .0683     .0683     .0683     .0683
09 ohmic  1016.      .0683     .0683     .0683     .0683     .0683     .0683
09 shape  2020.      0.500     0.500     0.500     0.500     0.500     0.500
09 shape  2020.      0.500     0.500     0.500     0.500     0.500     0.500
09 shape  2020.      0.500     0.500     0.500     0.500     0.500     0.500
09 shape  2020.      0.500     0.500     0.500     0.500     0.500     0.500
09        13.0       1.688    0.5000    9.00      267.5     1.0e-12   0.00
09 ohmic  1016.      .0683     .0683     .0683     .0683     .0683     .0683
09 ohmic  1016.      .0683     .0683     .0683     .0683     .0683     .0683
09 ohmic  1016.      .0683     .0683     .0683     .0683     .0683     .0683
09 ohmic  1016.      .0683     .0683     .0683     .0683     .0683     .0683
09 shape  2020.      0.500     0.500     0.500     0.500     0.500     0.500
09 shape  2020.      0.500     0.500     0.500     0.500     0.500     0.500
09 shape  2020.      0.500     0.500     0.500     0.500     0.500     0.500
09 shape  2020.      0.500     0.500     0.500     0.500     0.500     0.500
09        14.0       1.688    1.5000    9.00      267.5     1.0e-12   0.00
09 ohmic  1016.      .0683     .0683     .0683     .0683     .0683     .0683
09 ohmic  1016.      .0683     .0683     .0683     .0683     .0683     .0683
09 ohmic  1016.      .0683     .0683     .0683     .0683     .0683     .0683
09 ohmic  1016.      .0683     .0683     .0683     .0683     .0683     .0683
09 shape  2020.      0.500     0.500     0.500     0.500     0.500     0.500
09 shape  2020.      0.500     0.500     0.500     0.500     0.500     0.500
09 shape  2020.      0.500     0.500     0.500     0.500     0.500     0.500
09 shape  2020.      0.500     0.500     0.500     0.500     0.500     0.500
09        15.        1.688    2.500     10.0      267.5     1.0e-12   0.00
09 ohmic  1016.      .0545     .0545     .0545     .0545     .0545     .0545
09 ohmic  1016.      .0545     .0545     .0545     .0545     .0545     .0545
09 ohmic  1016.      .0545     .0545     .0545     .0545     .0545     .0545
09 ohmic  1016.      .0545     .0545     .0545     .0545     .0545     .0545
09 shape  2020.      0.500     0.500     0.500     0.500     0.500     0.500
09 shape  2020.      0.500     0.500     0.500     0.500     0.500     0.500
09 shape  2020.      0.500     0.500     0.500     0.500     0.500     0.500
09 shape  2020.      0.500     0.500     0.500     0.500     0.500     0.500
09        16.        1.688    3.500     10.0      267.5     1.0e-12   0.00
09 ohmic  1016.      .0545     .0545     .0545     .0545     .0545     .0545
09 ohmic  1016.      .0545     .0545     .0545     .0545     .0545     .0545
09 ohmic  1016.      .0545     .0545     .0545     .0545     .0545     .0545
09 ohmic  1016.      .0545     .0545     .0545     .0545     .0545     .0545
09 shape  2020.      0.500     0.500     0.500     0.500     0.500     0.500
09 shape  2020.      0.500     0.500     0.500     0.500     0.500     0.500
09 shape  2020.      0.500     0.500     0.500     0.500     0.500     0.500
09 shape  2020.      0.500     0.500     0.500     0.500     0.500     0.500
09        17.        1.688    4.500     11.0      267.5     1.0e-12   0.00
09 ohmic  1016.      .0993     .0993     .0993     .0993     .0993     .0993
09 ohmic  1016.      .0993     .0993     .0993     .0993     .0993     .0993
09 ohmic  1016.      .0993     .0993     .0993     .0993     .0993     .0993
09 ohmic  1016.      .0993     .0993     .0993     .0993     .0993     .0993
09 shape  2020.      0.500     0.500     0.500     0.500     0.500     0.500
09 shape  2020.      0.500     0.500     0.500     0.500     0.500     0.500
09 shape  2020.      0.500     0.500     0.500     0.500     0.500     0.500
09 shape  2020.      0.500     0.500     0.500     0.500     0.500     0.500
09        18.        1.688    5.5000    11.0      267.5     1.0e-12   0.00
09 ohmic  1016.      .0993     .0993     .0993     .0993     .0993     .0993
09 ohmic  1016.      .0993     .0993     .0993     .0993     .0993     .0993
09 ohmic  1016.      .0993     .0993     .0993     .0993     .0993     .0993
09 ohmic  1016.      .0993     .0993     .0993     .0993     .0993     .0993
09 shape  2020.      0.500     0.500     0.500     0.500     0.500     0.500
09 shape  2020.      0.500     0.500     0.500     0.500     0.500     0.500
09 shape  2020.      0.500     0.500     0.500     0.500     0.500     0.500
09 shape  2020.      0.500     0.500     0.500     0.500     0.500     0.500
c
c...PF Coil Cross-sections
39        1.0        1.089     0.976    0.0       0.0       2.0       0.0
39        2.0        0.968     0.595    0.0       0.0       2.0       0.0
39        3.0        0.767     1.125    0.0       0.0       2.0       0.0
39        4.0        0.708     1.125    0.0       0.0       2.0       0.0
39        5.0        0.820     0.945    0.0       0.0       2.0       0.0
39        6.0        1.633     0.976    0.0       0.0       2.0       0.0
39        7.0        0.749     0.990    0.0       0.0       2.0       0.0
39        8.0        0.749     0.990    0.0       0.0       2.0       0.0
39        9.0        0.749     0.990    0.0       0.0       2.0       0.0
39        10.        0.749     0.990    0.0       0.0       2.0       0.0
39        11.        0.749     0.990    0.0       0.0       2.0       0.0
39        12.        0.749     0.990    0.0       0.0       2.0       0.0
39        13.        0.749     0.990    0.0       0.0       2.0       0.0
39        14.        0.749     0.9900   0.0       0.0       2.0       0.0
39        15.        0.749     0.990    0.0       0.0       2.0       0.0
39        16.        0.749     0.990    0.0       0.0       2.0       0.0
39        17.        0.749     0.990    0.0       0.0       2.0       0.0
39        18.        0.749     0.990    0.0       0.0       2.0       0.0
c
c
c...time cards from DEF15.F
18   time            0.000E+00 1.000E+00 2.000E+00 3.000E+00 1.000E+01 2.000E+01
18   time            3.000E+01 4.000E+01 5.000E+01 7.500E+01 1.000E+02 1.150E+02
18   time            1.300E+02 1.600E+02 2.500E+02 5.500E+02 5.700E+02 5.900E+02
18   time            6.100E+02 6.300E+02 6.500E+02 6.700E+02 6.900E+02 7.100E+02
c8   time            0.000E+00 1.000E+00 2.000E+00 3.000E+00 1.000E+01 2.000E+01
c8   time            3.000E+01 4.000E+01 5.000E+01 7.500E+01 1.000E+02 1.150E+02
c8   time            1.300E+02 1.450E+02 2.450E+02 5.200E+02 5.400E+02 5.600E+02
c8   time            5.800E+02 6.000E+02 6.200E+02 6.400E+02 6.800E+02 7.000E+02
c
15           1.00    4.484E+01 4.465E+01 4.445E+01 4.426E+01 4.290E+01 4.097E+01
15           1.00    3.903E+01 3.710E+01 3.516E+01 3.032E+01 2.548E+01 2.443E+01
15           1.00    2.339E+01 2.234E+01 1.694E+01 2.103E+00 2.368E+00 2.632E+00
15           1.00    2.897E+00 3.161E+00 3.426E+00 3.690E+00 4.220E+00 4.484E+00
c
15           2.00    1.589E+00 1.287E+00 9.850E-01 6.832E-01-1.430E+00-4.449E+00
15           2.00   -7.467E+00-1.049E+01-1.350E+01-2.105E+01-2.860E+01-2.707E+01
15           2.00   -2.555E+01-2.402E+01-2.307E+01-2.047E+01-1.802E+01-1.557E+01
15           2.00   -1.312E+01-1.066E+01-8.214E+00-5.763E+00-8.619E-01 1.589E+00
c
15           3.00    3.511E+00 3.198E+00 2.885E+00 2.572E+00 3.830E-01-2.745E+00
15           3.00   -5.872E+00-9.000E+00-1.213E+01-1.995E+01-2.777E+01-2.965E+01
15           3.00   -3.152E+01-3.340E+01-3.367E+01-3.441E+01-3.020E+01-2.599E+01
15           3.00   -2.177E+01-1.756E+01-1.335E+01-9.131E+00-7.033E-01 3.511E+00
c
15           4.00    9.302E-01 6.855E-01 4.407E-01 1.959E-01-1.517E+00-3.965E+00
15           4.00   -6.413E+00-8.860E+00-1.131E+01-1.743E+01-2.355E+01-2.475E+01
15           4.00   -2.595E+01-2.715E+01-2.751E+01-2.849E+01-2.522E+01-2.195E+01
15           4.00   -1.868E+01-1.541E+01-1.214E+01-8.876E+00-2.339E+00 9.302E-01
c
15           5.00    6.500E+00 6.079E+00 5.658E+00 5.237E+00 2.291E+00-1.918E+00
15           5.00   -6.127E+00-1.034E+01-1.455E+01-2.507E+01-3.559E+01-3.567E+01
15           5.00   -3.574E+01-3.582E+01-3.554E+01-3.477E+01-3.084E+01-2.690E+01
15           5.00   -2.297E+01-1.903E+01-1.509E+01-1.116E+01-3.286E+00 6.500E-01
c
15           6.00    1.806E+01 1.829E+01 1.852E+01 1.874E+01 2.034E+01 2.261E+01
15           6.00    2.489E+01 2.716E+01 2.944E+01 3.513E+01 4.082E+01 4.093E+01
15           6.00    4.104E+01 4.114E+01 3.920E+01 3.386E+01 3.029E+01 2.673E+01
15           6.00    2.317E+01 1.961E+01 1.605E+01 1.249E+01 5.367E+00 1.806E+00
c
15           7.00    4.064E+01 4.035E+01 4.006E+01 3.977E+01 3.776E+01 3.489E+01
15           7.00    3.202E+01 2.915E+01 2.628E+01 1.910E+01 1.193E+01 9.676E+00
15           7.00    7.427E+00 5.178E+00 5.517E+00 6.449E+00 6.184E+00 5.919E+00
15           7.00    5.654E+00 5.389E+00 5.124E+00 4.859E+00 4.329E+00 4.064E+00
c
15           8.00    4.064E+01 4.010E+01 3.957E+01 3.903E+01 3.529E+01 2.994E+01
15           8.00    2.459E+01 1.924E+01 1.389E+01 5.140E-01-1.286E+01-1.406E+01
15           8.00   -1.526E+01-1.647E+01-2.215E+01-3.778E+01-3.313E+01-2.848E+01
15           8.00   -2.383E+01-1.918E+01-1.453E+01-9.883E+00-5.853E-01 4.064E+00
c
15           9.00    4.064E+01 3.984E+01 3.904E+01 3.824E+01 3.264E+01 2.464E+01
15           9.00    1.665E+01 8.650E+00 6.542E-01-1.934E+01-3.933E+01-3.907E+01
15           9.00   -3.882E+01-3.856E+01-4.019E+01-4.467E+01-3.948E+01-3.429E+01
15           9.00   -2.910E+01-2.392E+01-1.873E+01-1.354E+01-3.158E+00 2.032E+00
c
15           10.0    4.064E+01 4.006E+01 3.948E+01 3.891E+01 3.487E+01 2.910E+01
15           10.0    2.334E+01 1.757E+01 1.180E+01-2.612E+00-1.703E+01-1.762E+01
15           10.0   -1.821E+01-1.880E+01-2.448E+01-4.007E+01-3.517E+01-3.027E+01
15           10.0   -2.536E+01-2.046E+01-1.555E+01-1.065E+01-8.407E-01 4.064E+00
c
15           11.0    4.064E+01 4.028E+01 3.993E+01 3.957E+01 3.709E+01 3.354E+01
15           11.0    3.000E+01 2.645E+01 2.291E+01 1.404E+01 5.178E+00 3.651E+00
15           11.0    2.125E+00 5.981E-01 2.442E+00 7.514E+00 7.131E+00 6.747E+00
15           11.0    6.364E+00 5.980E+00 5.597E+00 5.214E+00 4.447E+00 4.064E+00
c
16 plas cu           1.000E+02 2.490E+02 3.980E+02 5.470E+02 1.590E+03 3.080E+03
16 plas cu           4.570E+03 6.060E+03 7.550E+03 1.128E+04 1.500E+04 1.500E+04
16 plas cu           1.500E+04 1.500E+04 1.500E+04 1.500E+04 1.388E+04 1.277E+04
16 plas cu           1.165E+04 9.423E+03 7.192E+03 4.962E+03 2.731E+03 5.000E+02
c
17plas pre           1.000E+02 1.090E+02 1.180E+02 1.270E+02 1.900E+02 2.800E+02
17plas pre           3.700E+02 4.600E+02 5.500E+02 7.750E+02 1.500E+05 4.000E+03
17plas pre           7.000E+03 1.000E+04 1.000E+04 9.000E+05 9.308E+03 8.615E+03
17plas pre           7.923E+03 6.538E+03 5.154E+03 3.769E+03 2.385E+03 1.000E+03
c
c4 density           1.000E-02 1.320E-02 1.640E-02 1.960E-02 4.200E-02 7.400E-02
24 density           1.400E-02 1.848E-02 2.296E-02 2.744E-02 5.880E-02 1.270E-01
24 density           1.946E-01 2.630E-01 3.320E-01 5.030E-01 6.720E-01 7.980E-01
24 density           9.240E-01 1.050E+00 1.050E+00 1.050E+00 5.500E-01 3.500E-01
24 density           1.500E-01 1.100E-01 0.700E-01 0.300E-01 0.150E-01 0.150E-01
c4 density           1.060E-01 1.380E-01 1.700E-01 2.500E-01 3.300E-01 4.700E-01
c4 density           6.100E-01 7.500E-01 7.500E-01 7.500E-01 3.500E-01 2.500E-01
c4 density           1.500E-01 1.100E-01 0.700E-01 0.300E-01 0.150E-01 0.150E-01
c
35  ffac             2.000E+03 4.980E+03 7.960E+03 1.094E+04 3.180E+04 6.160E+04
35  ffac             9.140E+04 1.212E+05 1.510E+05 2.255E+05 3.000E+05 5.333E+05
35  ffac             5.333E+05 5.333E+05 5.333E+05 5.333E+05 5.333E+05 5.333E+05
35  ffac             5.333E+05 5.333E+05 4.885E+05 3.423E+05 1.962E+05 5.000E+04
c5  ffac             2.000E+03 4.980E+03 7.960E+03 1.094E+04 3.180E+04 6.160E+04
c5  ffac             9.140E+04 1.212E+05 1.510E+05 2.255E+05 3.000E+05 5.333E+05
c5  ffac             7.667E+05 7.667E+05 7.667E+05 7.667E+05 7.667E+05 7.667E+05
c5  ffac             7.667E+05 6.346E+05 4.885E+05 3.423E+05 1.962E+05 5.000E+04
c5  ffac             2.000E+03 4.980E+03 7.960E+03 1.094E+04 3.180E+04 6.160E+04
c5  ffac             9.140E+04 1.212E+05 1.510E+05 2.255E+05 3.000E+05 5.333E+05
c5  ffac             7.667E+05 1.000E+06 1.000E+06 1.000E+06 9.269E+05 8.538E+05
c5  ffac             7.808E+05 6.346E+05 4.885E+05 3.423E+05 1.962E+05 5.000E+04
c
08              1.00 5.500E+00 5.200E-01 8.450E+00 5.200E-01
08              2.00 5.457E+00 5.200E-01 8.450E+00 5.200E-01
08              3.00 5.413E+00 5.200E-01 8.450E+00 5.200E-01
08              4.00 5.370E+00 5.200E-01 8.450E+00 5.200E-01
08              5.00 5.067E+00 5.200E-01 8.450E+00 5.200E-01
08              6.00 4.633E+00 5.200E-01 8.450E+00 5.200E-01
08              7.00 4.200E+00 5.200E-01 8.450E+00 5.200E-01
08              8.00 4.200E+00 5.200E-01 8.450E+00 5.200E-01
08              9.00 4.200E+00 5.200E-01 8.408E+00 5.200E-01
08             10.00 4.200E+00 5.200E-01 8.304E+00 5.200E-01
08             11.00 4.200E+00 5.200E-01 8.200E+00 5.200E-01
08             12.00 4.200E+00 5.200E-01 8.200E+00 5.200E-01
08             13.00 4.200E+00 5.200E-01 8.200E+00 5.200E-01
08             14.00 4.200E+00 5.200E-01 8.200E+00 5.200E-01
08             15.00 4.200E+00 5.200E-01 8.200E+00 5.200E-01
08             16.00 4.200E+00 5.200E-01 8.200E+00 5.200E-01
08             17.00 4.200E+00 5.200E-01 8.200E+00 5.200E-01
08             18.00 4.200E+00 5.200E-01 8.200E+00 5.200E-01
08             19.00 4.200E+00 5.200E-01 8.200E+00 5.200E-01
08             20.00 4.460E+00 5.200E-01 8.250E+00 5.200E-01
08             21.00 4.720E+00 5.200E-01 8.300E+00 5.200E-01
08             22.00 4.980E+00 5.200E-01 8.350E+00 5.200E-01
08             23.00 5.240E+00 5.200E-01 8.400E+00 5.200E-01
08             24.00 5.500E+00 5.200E-01 8.450E+00 5.200E-01
08             25.00 6.975E+00 1.020E+00 6.975E+00 2.000E-02
08             26.00 6.953E+00 1.020E+00 6.953E+00 2.000E-02
08             27.00 6.932E+00 1.020E+00 6.932E+00 2.000E-02
08             28.00 6.910E+00 1.020E+00 6.910E+00 2.000E-02
08             29.00 6.758E+00 1.020E+00 6.758E+00 2.000E-02
08             30.00 6.542E+00 1.020E+00 6.542E+00 2.000E-02
08             31.00 6.325E+00 1.020E+00 6.325E+00 2.000E-02
08             32.00 6.325E+00 1.020E+00 6.325E+00 2.000E-02
08             33.00 6.304E+00 1.020E+00 6.304E+00 2.000E-02
08             34.00 6.252E+00 1.020E+00 6.252E+00 2.000E-02
08             35.00 6.200E+00 1.020E+00 6.200E+00 2.000E-02
08             36.00 6.200E+00 1.020E+00 6.200E+00 2.000E-02
08             37.00 6.200E+00 1.020E+00 6.200E+00 2.000E-02
08             38.00 6.200E+00 1.040E+00 6.200E+00 4.000E-02
08             39.00 6.200E+00 1.040E+00 6.200E+00 4.000E-02
08             40.00 6.200E+00 1.040E+00 6.200E+00 4.000E-02
08             41.00 6.200E+00 1.040E+00 6.200E+00 4.000E-02
08             42.00 6.200E+00 1.040E+00 6.200E+00 4.000E-02
08             43.00 6.200E+00 1.040E+00 6.200E+00 4.000E-02
08             44.00 6.355E+00 1.040E+00 6.355E+00 4.000E-02
08             45.00 6.510E+00 1.040E+00 6.510E+00 4.000E-02
08             46.00 6.665E+00 1.040E+00 6.665E+00 4.000E-02
08             47.00 6.820E+00 1.040E+00 6.820E+00 4.000E-02
08             48.00 6.975E+00 1.040E+00 6.975E+00 4.000E-02
c=====================================================================
c..Structure model for ITER 6/98, with 15 cm grid
c1        48.        75.      10.0      5.55      0.0       2.95
c..outer structure (vacuum vessel) has 12.6 micro-ohm total resistance
c..inner structure (backplate) has 16.5 micro-ohm total resistance
c=====================================================================
c
c         NWIRE        XWIRE     ZWIRE    GROUP      TURNS     RSWIRES
10        50.       3.250     0.000     25.       1.00      -4.300e-04
10        51.       3.250     0.150     25.       1.00      -4.300e-04
10        52.       3.250     0.300     25.       1.00      -4.300e-04
10        53.       3.250     0.450     25.       1.00      -4.300e-04
10        54.       3.250     0.600     25.       1.00      -4.300e-04
10        55.       3.250     0.750     25.       1.00      -4.300e-04
10        56.       3.250     0.900     25.       1.00      -4.300e-04
10        57.       3.250     1.050     25.       1.00      -4.300e-04
10        58.       3.250     1.200     25.       1.00      -4.300e-04
10        59.       3.250     1.350     25.       1.00      -4.300e-04
10        60.       3.250     1.500     25.       1.00      -4.300e-04
10        61.       3.250     1.650     25.       1.00      -4.300e-04
10        62.       3.250     1.800     25.       1.00      -4.300e-04
10        63.       3.250     1.950     25.       1.00      -4.300e-04
10        64.       3.250     2.100     25.       1.00      -4.300e-04
10        65.       3.250     2.250     25.       1.00      -4.300e-04
10        66.       3.250     2.400     25.       1.00      -4.300e-04
10        67.       3.250     2.550     25.       1.00      -4.300e-04
10        68.       3.250     2.700     25.       1.00      -4.300e-04
10        69.       3.250     2.850     25.       1.00      -4.300e-04
10        70.       3.250     3.000     25.       1.00      -4.300e-04
10        71.       3.250     3.150     25.       1.00      -4.300e-04
10        72.       3.250     3.300     25.       1.00      -4.300e-04
10        73.       3.250     3.450     25.       1.00      -4.300e-04
10        74.       3.250     3.600     25.       1.00      -4.300e-04
10        75.       3.250     3.750     25.       1.00      -4.300e-04
10        76.       3.250     3.900     25.       1.00      -4.300e-04
10        77.       3.250     4.050     25.       1.00      -4.300e-04
10        78.       3.400     4.200     25.       1.00      -4.300e-04
10        79.       3.400     4.350     25.       1.00      -4.300e-04
10        80.       3.550     4.500     25.       1.00      -4.300e-04
10        81.       3.550     4.650     25.       1.00      -4.300e-04
10        82.       3.700     4.800     25.       1.00      -4.300e-04
10        83.       3.700     4.950     25.       1.00      -4.300e-04
10        84.       3.850     5.100     25.       1.00      -4.300e-04
10        85.       4.000     5.250     25.       1.00      -4.300e-04
10        86.       4.150     5.400     25.       1.00      -4.300e-04
10        87.       4.300     5.550     25.       1.00      -4.300e-04
10        88.       4.450     5.550     25.       1.00      -4.300e-04
10        89.       4.600     5.550     25.       1.00      -4.300e-04
10        90.       4.750     5.700     25.       1.00      -4.300e-04
10        91.       4.900     5.700     25.       1.00      -4.300e-04
10        92.       5.050     5.700     25.       1.00      -4.300e-04
10        93.       5.200     5.700     25.       1.00      -4.300e-04
10        94.       5.350     5.700     25.       1.00      -4.300e-04
10        95.       5.500     5.700     25.       1.00      -4.300e-04
10        96.       5.650     5.700     25.       1.00      -4.300e-04
10        97.       5.800     5.700     25.       1.00      -4.300e-04
10        98.       5.950     5.550     25.       1.00      -4.300e-04
10        99.       6.100     5.550     25.       1.00      -4.300e-04
10        100.      6.250     5.550     25.       1.00      -4.300e-04
10        101.      6.400     5.400     25.       1.00      -4.300e-04
10        102.      6.550     5.400     25.       1.00      -4.300e-04
10        103.      6.700     5.250     25.       1.00      -4.300e-04
10        104.      6.850     5.250     25.       1.00      -4.300e-04
10        105.      7.000     5.100     25.       1.00      -4.300e-04
10        106.      7.150     4.950     25.       1.00      -4.300e-04
10        107.      7.300     4.800     25.       1.00      -4.300e-04
10        108.      7.450     4.650     25.       1.00      -4.300e-04
10        109.      7.600     4.500     25.       1.00      -4.300e-04
10        110.      7.750     4.350     25.       1.00      -4.300e-04
10        111.      7.900     4.200     25.       1.00      -4.300e-04
10        112.      8.050     4.050     25.       1.00      -4.300e-04
10        113.      8.200     3.900     25.       1.00      -4.300e-04
10        114.      8.350     3.750     25.       1.00      -4.300e-04
10        115.      8.350     3.600     25.       1.00      -4.300e-04
10        116.      8.500     3.450     25.       1.00      -4.300e-04
10        117.      8.500     3.300     25.       1.00      -4.300e-04
10        118.      8.650     3.150     25.       1.00      -4.300e-04
10        119.      8.650     3.000     25.       1.00      -4.300e-04
10        120.      8.800     2.850     25.       1.00      -4.300e-04
10        121.      8.800     2.700     25.       1.00      -4.300e-04
10        122.      8.950     2.550     25.       1.00      -4.300e-04
10        123.      8.950     2.400     25.       1.00      -4.300e-04
10        124.      9.100     2.250     25.       1.00      -4.300e-04
10        125.      9.100     2.100     25.       1.00      -4.300e-04
10        126.      9.250     1.950     25.       1.00      -4.300e-04
10        127.      9.250     1.800     25.       1.00      -4.300e-04
10        128.      9.400     1.650     25.       1.00      -4.300e-04
10        129.      9.400     1.500     25.       1.00      -4.300e-04
10        130.      9.400     1.350     25.       1.00      -4.300e-04
10        131.      9.550     1.200     25.       1.00      -4.300e-04
10        132.      9.550     1.050     25.       1.00      -4.300e-04
10        133.      9.550     0.900     25.       1.00      -4.300e-04
10        134.      9.700     0.750     25.       1.00      -4.300e-04
10        135.      9.700     0.600     25.       1.00      -4.300e-04
10        136.      9.700     0.450     25.       1.00      -4.300e-04
10        137.      9.700     0.300     25.       1.00      -4.300e-04
10        138.      9.700     0.150     25.       1.00      -4.300e-04
10        139.      9.700     0.000     25.       1.00      -4.300e-04
10        140.      9.550     -0.150    25.       1.00      -4.300e-04
10        141.      9.550     -0.30     25.       1.00      -4.300e-04
10        142.      9.550     -0.450    25.       1.00      -4.300e-04
10        143.      9.400     -0.60     25.       1.00      -4.300e-04
10        144.      9.400     -0.75     25.       1.00      -4.300e-04
10        145.      9.400     -0.90     25.       1.00      -4.300e-04
10        146.      9.250     -1.05     25.       1.00      -4.300e-04
10        147.      9.250     -1.20     25.       1.00      -4.300e-04
10        148.      9.100     -1.35     25.       1.00      -4.300e-04
10        149.      9.100     -1.50     25.       1.00      -4.300e-04
10        150.      8.950     -1.65     25.       1.00      -4.300e-04
10        151.      8.950     -1.800    25.       1.00      -4.300e-04
10        152.      8.800     -1.95     25.       1.00      -4.300e-04
10        153.      8.800     -2.10     25.       1.00      -4.300e-04
10        154.      8.650     -2.25     25.       1.00      -4.300e-04
10        155.      8.650     -2.40     25.       1.00      -4.300e-04
10        156.      8.500     -2.55     25.       1.00      -4.300e-04
10        157.      8.500     -2.70     25.       1.00      -4.300e-04
10        158.      8.350     -2.85     25.       1.00      -4.300e-04
10        159.      8.350     -3.00     25.       1.00      -4.300e-04
10        160.      8.200     -3.15     25.       1.00      -4.300e-04
10        161.      8.200     -3.30     25.       1.00      -4.300e-04
10        162.      8.050     -3.45     25.       1.00      -4.300e-04
10        163.      8.050     -3.60     25.       1.00      -4.300e-04
10        164.      7.900     -3.75     25.       1.00      -4.300e-04
10        165.      7.900     -3.90     25.       1.00      -4.300e-04
10        166.      7.750     -4.05     25.       1.00      -4.300e-04
10        167.      7.750     -4.20     25.       1.00      -4.300e-04
10        168.      7.600     -4.35     25.       1.00      -4.300e-04
10        170.      7.600     -4.50     25.       1.00      -4.300e-04
10        171.      7.450     -4.65     25.       1.00      -4.300e-04
c0        172.      7.450     -4.65     25.       1.00      -4.300e-04
10        173.      7.300     -4.80     25.       1.00      -4.300e-04
10        174.      7.150     -4.95     25.       1.00      -4.300e-04
10        175.      7.000     -5.10     25.       1.00      -4.300e-04
10        176.      6.850     -5.10     25.       1.00      -4.300e-04
10        177.      6.700     -5.25     25.       1.00      -4.300e-04
10        178.      6.550     -5.25     25.       1.00      -4.300e-04
10        179.      6.400     -5.40     25.       1.00      -4.300e-04
10        180.      6.250     -5.40     25.       1.00      -4.300e-04
10        181.      6.100     -5.55     25.       1.00      -4.300e-04
10        182.      5.950     -5.55     25.       1.00      -4.300e-04
10        183.      5.800     -5.55     25.       1.00      -4.300e-04
10        184.      5.650     -5.70     25.       1.00      -4.300e-04
10        185.      5.500     -5.70     25.       1.00      -4.300e-04
10        186.      5.350     -5.70     25.       1.00      -4.300e-04
10        187.      5.200     -5.70     25.       1.00      -4.300e-04
10        188.      3.250     -0.15     25.       1.00      -4.300e-04
10        189.      3.250     -0.30     25.       1.00      -4.300e-04
10        190.      3.250     -0.45     25.       1.00      -4.300e-04
10        191.      3.250     -0.60     25.       1.00      -4.300e-04
10        192.      3.250     -0.75     25.       1.00      -4.300e-04
10        193.      3.250     -0.90     25.       1.00      -4.300e-04
10        194.      3.250     -1.05     25.       1.00      -4.300e-04
10        195.      3.250     -1.20     25.       1.00      -4.300e-04
10        196.      3.250     -1.35     25.       1.00      -4.300e-04
10        197.      3.250     -1.50     25.       1.00      -4.300e-04
10        198.      3.250     -1.65     25.       1.00      -4.300e-04
10        199.      3.250     -1.80     25.       1.00      -4.300e-04
10        200.      3.250     -1.95     25.       1.00      -4.300e-04
10        201.      3.250     -2.10     25.       1.00      -4.300e-04
10        202.      3.250     -2.25     25.       1.00      -4.300e-04
10        203.      3.250     -2.40     25.       1.00      -4.300e-04
10        204.      3.250     -2.55     25.       1.00      -4.300e-04
10        205.      3.250     -2.70     25.       1.00      -4.300e-04
10        206.      3.250     -2.85     25.       1.00      -4.300e-04
10        207.      3.250     -3.00     25.       1.00      -4.300e-04
10        208.      3.250     -3.15     25.       1.00      -4.300e-04
10        209.      3.250     -3.30     25.       1.00      -4.300e-04
10        210.      3.250     -3.45     25.       1.00      -4.300e-04
10        211.      3.250     -3.60     25.       1.00      -4.300e-04
10        212.      3.250     -3.75     25.       1.00      -4.300e-04
10        213.      3.250     -3.90     25.       1.00      -4.300e-04
10        214.      3.250     -4.05     25.       1.00      -4.300e-04
10        215.      3.400     -4.20     25.       1.00      -4.300e-04
10        216.      3.400     -4.35     25.       1.00      -4.300e-04
10        217.      3.550     -4.50     25.       1.00      -4.300e-04
10        218.      3.550     -4.65     25.       1.00      -4.300e-04
10        219.      3.700     -4.80     25.       1.00      -4.300e-04
10        220.      3.700     -4.95     25.       1.00      -4.300e-04
10        221.      3.850     -5.10     25.       1.00      -4.300e-04
10        222.      4.000     -5.25     25.       1.00      -4.300e-04
10        223.      4.150     -5.40     25.       1.00      -4.300e-04
10        224.      4.300     -5.55     25.       1.00      -4.300e-04
10        225.      4.450     -5.55     25.       1.00      -4.300e-04
10        226.      4.600     -5.55     25.       1.00      -4.300e-04
10        227.      4.750     -5.70     25.       1.00      -4.300e-04
10        228.      4.900     -5.70     25.       1.00      -4.300e-04
10        229.      5.050     -5.70     25.       1.00      -4.300e-04
10        230.      3.550     0.000     25.       1.00      -4.300e-04
10        231.      3.550     0.150     25.       1.00      -4.300e-04
10        232.      3.550     0.300     25.       1.00      -4.300e-04
10        234.      3.550     0.450     25.       1.00      -4.300e-04
10        235.      3.550     0.600     25.       1.00      -4.300e-04
10        236.      3.550     0.750     25.       1.00      -4.300e-04
10        237.      3.550     0.900     25.       1.00      -4.300e-04
10        238.      3.550     1.050     25.       1.00      -4.300e-04
10        239.      3.550     1.200     25.       1.00      -4.300e-04
10        240.      3.550     1.350     25.       1.00      -4.300e-04
10        241.      3.550     1.500     25.       1.00      -4.300e-04
10        242.      3.550     1.650     25.       1.00      -4.300e-04
10        243.      3.550     1.800     25.       1.00      -4.300e-04
10        244.      3.550     1.950     25.       1.00      -4.300e-04
10        245.      3.550     2.100     25.       1.00      -4.300e-04
10        246.      3.550     2.250     25.       1.00      -4.300e-04
10        247.      3.550     2.400     25.       1.00      -4.300e-04
10        248.      3.550     2.550     25.       1.00      -4.300e-04
10        249.      3.550     2.700     25.       1.00      -4.300e-04
10        250.      3.550     2.850     25.       1.00      -4.300e-04
10        251.      3.550     3.000     25.       1.00      -4.300e-04
10        252.      3.550     3.150     25.       1.00      -4.300e-04
10        253.      3.550     3.300     25.       1.00      -4.300e-04
10        254.      3.550     3.450     25.       1.00      -4.300e-04
10        255.      3.550     3.600     25.       1.00      -4.300e-04
10        256.      3.550     3.750     25.       1.00      -4.300e-04
10        257.      3.550     3.900     25.       1.00      -4.300e-04
10        258.      3.550     4.050     25.       1.00      -4.300e-04
10        259.      3.550     -0.15     25.       1.00      -4.300e-04
10        260.      3.550     -0.30     25.       1.00      -4.300e-04
10        261.      3.550     -0.45     25.       1.00      -4.300e-04
10        262.      3.550     -0.60     25.       1.00      -4.300e-04
10        263.      3.550     -0.75     25.       1.00      -4.300e-04
10        264.      3.550     -0.90     25.       1.00      -4.300e-04
10        265.      3.550     -1.05     25.       1.00      -4.300e-04
10        266.      3.550     -1.20     25.       1.00      -4.300e-04
10        267.      3.550     -1.35     25.       1.00      -4.300e-04
10        268.      3.550     -1.50     25.       1.00      -4.300e-04
10        269.      3.550     -1.65     25.       1.00      -4.300e-04
10        270.      3.550     -1.80     25.       1.00      -4.300e-04
10        271.      3.550     -1.95     25.       1.00      -4.300e-04
10        272.      3.550     -2.10     25.       1.00      -4.300e-04
10        273.      3.550     -2.25     25.       1.00      -4.300e-04
10        274.      3.550     -2.40     25.       1.00      -4.300e-04
10        275.      3.550     -2.55     25.       1.00      -4.300e-04
10        276.      3.550     -2.70     25.       1.00      -4.300e-04
10        277.      3.550     -2.85     25.       1.00      -4.300e-04
10        278.      3.550     -3.00     25.       1.00      -4.300e-04
10        279.      3.550     -3.15     25.       1.00      -4.300e-04
10        280.      3.550     -3.30     25.       1.00      -4.300e-04
10        281.      3.550     -3.45     25.       1.00      -4.300e-04
10        282.      3.550     -3.60     25.       1.00      -4.300e-04
10        283.      3.550     -3.75     25.       1.00      -4.300e-04
10        284.      3.550     -3.90     25.       1.00      -4.300e-04
10        285.      3.550     -4.05     25.       1.00      -4.300e-04
10        286.      6.850     4.500     25.       1.00      -4.300e-04
10        287.      7.000     4.350     25.       1.00      -4.300e-04
10        288.      7.150     4.200     25.       1.00      -4.300e-04
10        289.      7.300     4.050     25.       1.00      -4.300e-04
10        290.      7.450     3.900     25.       1.00      -4.300e-04
10        291.      7.600     3.750     25.       1.00      -4.300e-04
10        292.      7.600     3.600     25.       1.00      -4.300e-04
10        293.      7.750     3.450     25.       1.00      -4.300e-04
10        294.      7.750     3.300     25.       1.00      -4.300e-04
10        295.      7.900     3.150     25.       1.00      -4.300e-04
10        296.      7.900     3.000     25.       1.00      -4.300e-04
10        297.      8.050     2.850     25.       1.00      -4.300e-04
10        298.      8.050     2.700     25.       1.00      -4.300e-04
10        299.      8.200     2.550     25.       1.00      -4.300e-04
10        300.      8.200     2.400     25.       1.00      -4.300e-04
10        301.      8.350     2.250     25.       1.00      -4.300e-04
10        302.      8.350     2.100     25.       1.00      -4.300e-04
10        303.      8.500     1.950     25.       1.00      -4.300e-04
10        304.      8.500     1.800     25.       1.00      -4.300e-04
10        305.      8.650     1.650     25.       1.00      -4.300e-04
10        306.      8.650     1.500     25.       1.00      -4.300e-04
10        307.      8.650     1.350     25.       1.00      -4.300e-04
10        308.      8.800     1.200     25.       1.00      -4.300e-04
10        309.      8.800     1.050     25.       1.00      -4.300e-04
10        310.      8.800     0.900     25.       1.00      -4.300e-04
10        311.      8.950     0.750     25.       1.00      -4.300e-04
10        312.      8.950     0.600     25.       1.00      -4.300e-04
10        313.      8.950     0.450     25.       1.00      -4.300e-04
10        314.      8.950     0.300     25.       1.00      -4.300e-04
10        315.      8.950     0.150     25.       1.00      -4.300e-04
10        316.      8.950     0.000     25.       1.00      -4.300e-04
10        317.      8.800     -0.150    25.       1.00      -4.300e-04
10        318.      8.800     -0.30     25.       1.00      -4.300e-04
10        319.      8.800     -0.450    25.       1.00      -4.300e-04
10        320.      8.650     -0.60     25.       1.00      -4.300e-04
10        321.      8.650     -0.75     25.       1.00      -4.300e-04
10        322.      8.650     -0.90     25.       1.00      -4.300e-04
10        323.      8.500     -1.05     25.       1.00      -4.300e-04
10        324.      8.500     -1.20     25.       1.00      -4.300e-04
10        325.      8.350     -1.35     25.       1.00      -4.300e-04
10        326.      8.350     -1.50     25.       1.00      -4.300e-04
10        327.      8.200     -1.65     25.       1.00      -4.300e-04
10        328.      8.200     -1.800    25.       1.00      -4.300e-04
10        329.      8.050     -1.95     25.       1.00      -4.300e-04
10        330.      8.050     -2.10     25.       1.00      -4.300e-04
10        331.      7.900     -2.25     25.       1.00      -4.300e-04
10        332.      7.900     -2.40     25.       1.00      -4.300e-04
10        333.      7.750     -2.55     25.       1.00      -4.300e-04
10        334.      7.750     -2.70     25.       1.00      -4.300e-04
10        335.      7.600     -2.85     25.       1.00      -4.300e-04
10        336.      7.600     -3.00     25.       1.00      -4.300e-04
10        337.      7.450     -3.15     25.       1.00      -4.300e-04
10        338.      7.450     -3.30     25.       1.00      -4.300e-04
10        339.      7.300     -3.45     25.       1.00      -4.300e-04
10        340.      7.300     -3.60     25.       1.00      -4.300e-04
10        341.      7.150     -3.75     25.       1.00      -4.300e-04
10        342.      7.150     -3.90     25.       1.00      -4.300e-04
10        343.      7.000     -4.05     25.       1.00      -4.300e-04
10        344.      7.000     -4.20     25.       1.00      -4.300e-04
10        345.      6.850     -4.35     25.       1.00      -4.300e-04
10        346.      6.700     -4.50     25.       1.00      -4.300e-04
10        347.      6.550     -4.65     25.       1.00      -4.300e-04
10        348.      6.400     -4.65     25.       1.00      -4.300e-04
10        349.      6.250     -4.80     25.       1.00      -4.300e-04
10        350.      6.100     -4.80     25.       1.00      -4.300e-04
10        351.      5.950     -4.95     25.       1.00      -4.300e-04
10        352.      5.800     -4.95     25.       1.00      -4.300e-04
10        353.      5.650     -5.100    25.       1.00      -4.300e-04
10        354.      5.500     -5.10     25.       1.00      -4.300e-04
10        355.      5.350     -5.25     25.       1.00      -4.300e-04
10        356.      5.200     -5.25     25.       1.00      -4.300e-04
10        357.      5.050     -5.25     25.       1.00      -4.300e-04
10        358.      4.900     -5.25     25.       1.00      -4.300e-04
10        359.      3.700     4.200     25.       1.00      -4.300e-04
10        360.      3.850     4.350     25.       1.00      -4.300e-04
10        361.      3.850     4.500     25.       1.00      -4.300e-04
10        362.      4.000     4.650     25.       1.00      -4.300e-04
10        363.      4.000     4.800     25.       1.00      -4.300e-04
10        364.      4.150     4.950     25.       1.00      -4.300e-04
10        365.      4.300     5.100     25.       1.00      -4.300e-04
10        366.      4.450     5.100     25.       1.00      -4.300e-04
10        367.      4.600     5.100     25.       1.00      -4.300e-04
10        368.      4.750     5.250     25.       1.00      -4.300e-04
10        369.      4.900     5.250     25.       1.00      -4.300e-04
10        370.      5.050     5.250     25.       1.00      -4.300e-04
10        371.      5.200     5.250     25.       1.00      -4.300e-04
10        372.      5.350     5.250     25.       1.00      -4.300e-04
10        373.      5.500     5.100     25.       1.00      -4.300e-04
10        374.      5.650     5.100     25.       1.00      -4.300e-04
10        375.      5.800     5.100     25.       1.00      -4.300e-04
10        376.      5.950     4.950     25.       1.00      -4.300e-04
10        377.      6.100     4.950     25.       1.00      -4.300e-04
10        378.      6.250     4.800     25.       1.00      -4.300e-04
10        379.      6.400     4.800     25.       1.00      -4.300e-04
10        380.      6.550     4.650     25.       1.00      -4.300e-04
10        381.      6.700     4.650     25.       1.00      -4.300e-04
10        382.      3.700     -4.20     25.       1.00      -4.300e-04
10        383.      3.850     -4.35     25.       1.00      -4.300e-04
10        384.      3.850     -4.50     25.       1.00      -4.300e-04
10        385.      4.000     -4.65     25.       1.00      -4.300e-04
10        386.      4.000     -4.80     25.       1.00      -4.300e-04
10        387.      4.150     -4.95     25.       1.00      -4.300e-04
10        388.      4.300     -5.10     25.       1.00      -4.300e-04
10        389.      4.450     -5.10     25.       1.00      -4.300e-04
10        390.      4.600     -5.10     25.       1.00      -4.300e-04
10        391.      4.750     -5.25     25.       1.00      -4.300e-04
10        392.      3.700     -2.55     25.       1.00      -4.300e-04
10        393.      3.850     -2.55     25.       1.00      -4.300e-04
10        394.      4.000     -2.55     25.       1.00      -4.300e-04
10        395.      4.000     -2.40     25.       1.00      -4.300e-04
10        396.      4.000     -2.25     25.       1.00      -4.300e-04
10        397.      3.850     -2.10     25.       1.00      -4.300e-04
10        398.      3.850     -1.95     25.       1.00      -4.300e-04
10        399.      3.700     -1.80     25.       1.00      -4.300e-04
10        400.      7.300     -3.30     25.       1.00      -4.300e-04
10        401.      7.150     -3.30     25.       1.00      -4.300e-04
10        402.      7.000     -3.30     25.       1.00      -4.300e-04
10        403.      6.850     -3.30     25.       1.00      -4.300e-04
10        404.      6.700     -3.30     25.       1.00      -4.300e-04
10        405.      6.700     -3.15     25.       1.00      -4.300e-04
10        406.      6.850     -3.00     25.       1.00      -4.300e-04
10        407.      7.000     -2.85     25.       1.00      -4.300e-04
10        408.      7.150     -2.70     25.       1.00      -4.300e-04
10        409.      7.300     -2.55     25.       1.00      -4.300e-04
10        410.      7.450     -2.40     25.       1.00      -4.300e-04
10        411.      7.600     -2.25     25.       1.00      -4.300e-04
10        412.      7.750     -2.10     25.       1.00      -4.300e-04
10        413.      7.900     -1.95     25.       1.00      -4.300e-04
c=========================================================================
c
99
