 &wall_data
 nwall= 27
 rwall=
             4.409000000E+00   4.337000000E+00   4.360000000E+00
             4.065000000E+00   4.049000000E+00   4.049000000E+00
             4.106000000E+00   4.491000000E+00   4.673000000E+00
             4.929000000E+00   5.459000000E+00   5.765000000E+00
             6.689000000E+00   7.143000000E+00   7.540000000E+00
             7.872000000E+00   8.134000000E+00   8.321000000E+00
             8.410000000E+00   8.410000000E+00   8.324000000E+00
             8.153000000E+00   7.787000000E+00   7.683000000E+00
             6.406000000E+00   6.208000000E+00   5.564000000E+00
 zwall=
            -3.347000000E+00  -2.534000000E+00  -2.441000000E+00
            -1.314000000E+00  -1.187000000E+00   3.368000000E+00
             3.600000000E+00   4.335000000E+00   4.530000000E+00
             4.603000000E+00   4.608000000E+00   4.507000000E+00
             3.808000000E+00   3.413000000E+00   2.961000000E+00
             2.459000000E+00   1.917000000E+00   1.345000000E+00
             8.160000000E-01   2.800000000E-01  -2.490000000E-01
            -7.570000000E-01  -1.604000000E+00  -1.757000000E+00
            -3.047000000E+00  -3.200000000E+00  -3.900000000E+00
 /
